12/part/0 -1 0.061702 0.278723 0.921277 0.968085
12/part/1 -1 -0.117788 0.199519 0.853365 0.978365
12/part/2 -1 -0.264881 0.139881 0.937500 1.104167
12/part/3 -1 0.023013 0.286611 0.868201 0.964435
12/part/4 -1 -0.264706 -0.166667 1.055556 0.892157
12/part/5 -1 -0.076642 -0.193431 1.397810 0.989051
12/part/6 -1 -0.525735 0.106618 0.959559 1.297794
12/part/7 -1 -0.041935 0.164516 1.261290 1.209677
12/part/8 -1 0.039855 0.025362 1.503623 1.199275
12/part/9 -1 -0.534091 -0.208333 0.996212 1.018939
12/part/10 -1 -0.148734 0.110759 1.129747 1.136076
12/part/11 -1 -0.293210 -0.095679 0.953704 0.904321
12/part/12 -1 0.098985 0.220812 1.124365 1.043147
12/part/13 -1 -0.262963 -0.307407 1.233333 0.892593
12/part/14 -1 0.170792 0.136139 1.170792 0.938119
12/part/15 -1 -0.079618 -0.130573 1.207006 0.901274
12/part/16 -1 -0.180147 -0.077206 1.305147 1.113971
12/part/17 -1 0.168203 0.241935 1.099078 0.988479
12/part/18 -1 0.025000 0.075000 1.467857 1.232143
12/part/19 -1 0.049550 0.094595 0.945946 0.792793
12/part/20 -1 0.045455 -0.280303 1.553030 0.893939
12/part/21 -1 -0.523438 0.015625 1.031250 1.226562
12/part/22 -1 0.089796 0.208163 0.902041 0.840816
12/part/23 -1 -0.225166 0.119205 1.092715 1.145695
12/part/24 -1 -0.092233 0.160194 0.873786 0.912621
12/part/25 -1 -0.043210 -0.141975 1.185185 0.814815
12/part/26 -1 0.093878 0.110204 0.906122 0.742857
12/part/27 -1 -0.489209 -0.064748 0.942446 1.050360
12/part/28 -1 0.185484 0.141129 0.987903 0.766129
12/part/29 -1 -0.300000 -0.137500 0.943750 0.831250
12/part/30 -1 -0.315152 -0.090909 0.890909 0.848485
12/part/31 -1 0.136095 -0.136095 1.313609 0.781065
12/part/32 -1 0.044118 0.102941 1.507353 1.242647
12/part/33 -1 0.140097 0.241546 1.101449 0.990338
12/part/34 -1 -0.104839 -0.145161 1.500000 1.104839
12/part/35 -1 0.152778 0.120370 1.074074 0.837963
12/part/36 -1 -0.220472 -0.267717 1.346457 0.952756
12/part/37 -1 -0.056872 0.218009 0.886256 0.952607
12/part/38 -1 0.054545 -0.109091 1.260606 0.830303
12/part/39 -1 -0.206452 0.141935 1.077419 1.141935
12/part/40 -1 -0.124031 0.077519 1.418605 1.279070
12/part/41 -1 -0.426667 -0.180000 0.900000 0.853333
12/part/42 -1 0.229075 0.096916 1.105727 0.779736
12/part/43 -1 -0.071856 0.185629 1.119760 1.113772
12/part/44 -1 -0.093596 0.078818 0.886700 0.842365
12/part/45 -1 -0.242604 -0.142012 0.934911 0.775148
12/part/46 -1 -0.015748 -0.259843 1.551181 0.960630
12/part/47 -1 0.144385 -0.026738 1.208556 0.802139
12/part/48 -1 0.256098 0.121951 1.065041 0.752033
12/part/49 -1 -0.159722 -0.243056 1.222222 0.833333
12/part/50 -1 0.112903 0.189516 0.915323 0.814516
12/part/51 -1 0.148352 -0.010989 1.241758 0.840659
