12/positive/0 1 -0.063333 -0.090000 1.283333 0.990000
12/positive/1 1 -0.226471 0.079412 0.961765 1.032353
12/positive/2 1 0.022388 0.201493 1.027363 1.007463
12/positive/3 1 0.043379 0.271689 0.965753 1.011416
12/positive/4 1 -0.093220 0.002825 1.048023 0.918079
12/positive/5 1 0.039683 0.103175 1.108466 0.960317
12/positive/6 1 -0.080838 0.068862 1.128743 1.038922
12/positive/7 1 -0.032663 0.238693 0.982412 1.052764
12/positive/8 1 -0.086634 0.150990 0.913366 0.952970
12/positive/9 1 -0.009740 -0.035714 1.301948 1.016234
12/positive/10 1 0.020000 0.100000 1.174286 1.025714
12/positive/11 1 -0.168539 0.179775 0.949438 1.050562
12/positive/12 1 -0.015385 -0.015385 1.005128 0.779487
12/positive/13 1 -0.044554 0.034653 0.940594 0.801980
12/positive/14 1 0.038835 0.233010 1.004854 0.985437
12/positive/15 1 -0.116022 0.099448 0.983425 0.955801
12/positive/16 1 0.064516 0.025806 1.348387 1.025806
12/positive/17 1 -0.202381 0.011905 0.982143 0.934524
12/positive/18 1 0.091837 0.015306 1.107143 0.806122
12/positive/19 1 -0.238411 0.052980 1.079470 1.079470
12/positive/20 1 0.043062 0.248804 0.995215 0.990431
